
[1] -------> [(638, 59), (646, 59), (646, 95), (638, 95)]  (たいが)
[2] -------> [(615, 56), (635, 56), (635, 101), (615, 101)]  (大河)
[3] -------> [(615, 104), (635, 104), (635, 125), (615, 125)]  (を)
[4] -------> [(587, 59), (607, 59), (607, 148), (587, 148)]  (いじめる)
[5] -------> [(587, 149), (607, 149), (607, 171), (587, 171)]  (ん)
[6] -------> [(587, 172), (607, 172), (607, 216), (587, 216)]  (じゃ)
[7] -------> [(556, 58), (580, 58), (580, 101), (556, 101)]  (あり)
[8] -------> [(555, 105), (580, 105), (581, 217), (556, 217)]  (ませーん)
[9] -------> [(557, 221), (581, 221), (581, 237), (557, 237)]  (!!!)
[10] -------> [(467, 295), (488, 295), (488, 327), (467, 327)]  (!!)
[11] -------> [(488, 295), (506, 295), (506, 327), (488, 327)]  (?)
[12] -------> [(268, 288), (407, 293), (404, 368), (265, 363)]  (The)
[13] -------> [(139, 479), (139, 504), (133, 504), (133, 479)]  (たいが)
[14] -------> [(663, 480), (678, 480), (678, 562), (663, 562)]  (はっはっは)
[15] -------> [(663, 562), (678, 562), (678, 577), (663, 577)]  (!)
[16] -------> [(637, 480), (652, 480), (652, 495), (637, 495)]  (見)
[17] -------> [(637, 497), (652, 497), (652, 512), (637, 512)]  (た)
[18] -------> [(637, 514), (652, 514), (652, 529), (637, 529)]  (か)
[19] -------> [(637, 530), (652, 530), (652, 545), (637, 545)]  (!)
[20] -------> [(628, 750), (638, 750), (638, 787), (628, 787)]  (ってか)
[21] -------> [(623, 537), (630, 537), (630, 560), (623, 560)]  (くしえ)
[22] -------> [(623, 562), (630, 562), (630, 581), (623, 581)]  (だけ)
[23] -------> [(623, 589), (630, 589), (630, 617), (623, 617)]  (ひでん)
[24] -------> [(605, 537), (622, 537), (622, 554), (605, 554)]  (御)
[25] -------> [(605, 570), (622, 570), (622, 618), (605, 618)]  (家伝)
[26] -------> [(605, 620), (622, 620), (622, 634), (605, 634)]  (の)
[27] -------> [(605, 636), (622, 636), (622, 652), (605, 652)]  (カ)
[28] -------> [(605, 652), (622, 652), (622, 667), (605, 667)]  (!!)
[29] -------> [(611, 750), (622, 750), (622, 786), (611, 786)]  (いじめ)
[30] -------> [(611, 788), (622, 788), (622, 800), (611, 800)]  (て)
[31] -------> [(611, 801), (622, 801), (622, 827), (611, 827)]  (ねー)
[32] -------> [(611, 827), (622, 827), (622, 838), (611, 838)]  (よ)
[33] -------> [(611, 843), (622, 843), (622, 850), (611, 850)]  (っ)
[34] -------> [(611, 853), (622, 853), (622, 865), (611, 865)]  (!!)
[35] -------> [(581, 815), (591, 815), (591, 851), (581, 851)]  (コイツ)
[36] -------> [(581, 851), (591, 851), (591, 863), (581, 863)]  (が)
[37] -------> [(377, 579), (393, 579), (393, 654), (377, 654)]  (みのりん)
[38] -------> [(353, 579), (370, 579), (370, 676), (353, 676)]  (すごーい)
[39] -------> [(353, 680), (370, 680), (370, 697), (353, 697)]  (!!!!)
[40] -------> [(304, 479), (319, 479), (319, 493), (304, 493)]  (今)
[41] -------> [(304, 495), (319, 495), (319, 519), (304, 519)]  (のっ)
[42] -------> [(276, 498), (292, 498), (292, 513), (276, 513)]  (今)
[43] -------> [(276, 514), (292, 514), (292, 526), (276, 526)]  (の)
[44] -------> [(276, 527), (292, 527), (291, 557), (275, 557)]  (どう)
[45] -------> [(275, 558), (291, 558), (290, 583), (274, 583)]  (やっ)
[46] -------> [(275, 587), (291, 587), (291, 601), (275, 601)]  (た)
[47] -------> [(274, 601), (290, 601), (290, 614), (274, 614)]  (!!)
[48] -------> [(242, 473), (255, 473), (253, 519), (240, 519)]  (ちょっと)
[49] -------> [(226, 478), (238, 479), (236, 496), (225, 495)]  (ま)
[50] -------> [(139, 587), (139, 593), (134, 593), (134, 587)]  (か)
[51] -------> [(139, 591), (139, 597), (134, 597), (134, 591)]  (?)
[52] -------> [(117, 483), (130, 483), (130, 508), (117, 508)]  (大河)
[53] -------> [(117, 509), (130, 509), (130, 522), (117, 522)]  (を)
[54] -------> [(117, 525), (130, 525), (130, 580), (117, 580)]  (いじめる)
[55] -------> [(117, 582), (130, 582), (130, 596), (117, 596)]  (輩)
[56] -------> [(118, 598), (131, 598), (131, 611), (118, 611)]  (に)
[57] -------> [(118, 612), (131, 612), (131, 624), (118, 624)]  (は)
[58] -------> [(95, 479), (108, 479), (108, 507), (95, 507)]  (教え)
[59] -------> [(95, 509), (108, 509), (108, 536), (95, 536)]  (ませ)
[60] -------> [(96, 569), (109, 569), (109, 581), (96, 581)]  (ん)
[61] -------> [(321, 771), (321, 780), (313, 780), (313, 771)]  (H)
[62] -------> [(382, 753), (396, 753), (396, 780), (382, 780)]  (なん)
[63] -------> [(382, 783), (396, 783), (396, 812), (382, 812)]  (です)
[64] -------> [(382, 816), (396, 816), (396, 842), (382, 842)]  (って)
[65] -------> [(382, 841), (396, 841), (396, 855), (382, 855)]  (!!!!)
[66] -------> [(565, 812), (576, 812), (576, 836), (565, 836)]  (ドジ)
[67] -------> [(565, 839), (576, 839), (576, 850), (565, 850)]  (な)
[68] -------> [(565, 852), (576, 852), (576, 863), (565, 863)]  (ん)
[69] -------> [(565, 865), (576, 865), (576, 903), (565, 903)]  (だって)
[70] -------> [(565, 903), (576, 903), (576, 915), (565, 915)]  (!!!)
[71] -------> [(163, 806), (163, 867), (137, 867), (137, 806)]  (とい)
[72] -------> [(125, 806), (125, 900), (98, 900), (98, 806)]  (といて)