
[1] -------> [(631, 57), (638, 57), (638, 90), (631, 90)]  (てんし)
[2] -------> [(611, 57), (630, 57), (630, 98), (611, 98)]  (天使)
[3] -------> [(611, 96), (630, 96), (630, 154), (611, 154)]  (じゃあ)
[4] -------> [(611, 156), (630, 156), (630, 172), (611, 172)]  (!!!)
[5] -------> [(550, 148), (557, 148), (557, 156), (550, 156)]  (み)
[6] -------> [(529, 99), (547, 99), (547, 158), (529, 158)]  (生き神)
[7] -------> [(529, 157), (547, 157), (547, 196), (529, 196)]  (さま)
[8] -------> [(504, 97), (521, 97), (521, 155), (504, 155)]  (じゃあ)
[9] -------> [(504, 157), (521, 157), (521, 175), (504, 175)]  (!!!!)
[10] -------> [(393, 5), (423, 3), (427, 69), (397, 71)]  (あみ)
[11] -------> [(397, 72), (427, 70), (431, 135), (401, 137)]  (ちゃん)
[12] -------> [(402, 140), (432, 138), (436, 198), (406, 200)]  (今日)
[13] -------> [(406, 201), (435, 199), (437, 226), (408, 228)]  (も)
[14] -------> [(369, 105), (400, 104), (402, 199), (371, 200)]  (最高)
[15] -------> [(370, 198), (401, 197), (401, 221), (370, 222)]  (に)
[16] -------> [(162, 321), (177, 321), (177, 334), (162, 334)]  (･･･)
[17] -------> [(162, 335), (177, 335), (177, 351), (162, 351)]  (俺)
[18] -------> [(162, 353), (177, 353), (177, 366), (162, 366)]  (に)
[19] -------> [(162, 368), (177, 368), (177, 381), (162, 381)]  (は)
[20] -------> [(70, 201), (100, 183), (161, 286), (131, 304)]  (かははは)
[21] -------> [(138, 319), (152, 319), (152, 350), (138, 350)]  (こう)
[22] -------> [(138, 351), (152, 351), (152, 400), (138, 400)]  (見える)
[23] -------> [(608, 447), (619, 447), (618, 486), (607, 486)]  (おっし)
[24] -------> [(638, 673), (649, 673), (650, 694), (639, 694)]  (いや)
[25] -------> [(639, 709), (650, 709), (651, 732), (640, 732)]  (本当)
[26] -------> [(620, 671), (631, 671), (631, 695), (620, 695)]  (亜美)
[27] -------> [(620, 697), (631, 697), (631, 718), (620, 718)]  (タン)
[28] -------> [(620, 720), (631, 720), (631, 730), (620, 730)]  (と)
[29] -------> [(602, 674), (612, 674), (612, 694), (602, 694)]  (同じ)
[30] -------> [(602, 696), (612, 696), (611, 730), (601, 730)]  (クラス)
[31] -------> [(601, 734), (611, 734), (611, 743), (601, 743)]  (に)
[32] -------> [(601, 745), (611, 745), (611, 768), (601, 768)]  (なれ)
[33] -------> [(601, 770), (611, 770), (611, 781), (601, 781)]  (て)
[34] -------> [(584, 670), (594, 670), (594, 704), (584, 704)]  (良かっ)
[35] -------> [(584, 708), (594, 708), (594, 717), (584, 717)]  (た)
[36] -------> [(565, 470), (575, 470), (575, 508), (565, 508)]  (アツく)
[37] -------> [(565, 509), (575, 509), (575, 532), (565, 532)]  (なっ)
[38] -------> [(565, 536), (575, 536), (575, 548), (565, 548)]  (て)
[39] -------> [(565, 548), (575, 548), (575, 560), (565, 560)]  (き)
[40] -------> [(565, 562), (575, 562), (575, 574), (565, 574)]  (た)
[41] -------> [(565, 574), (575, 574), (575, 587), (565, 587)]  (し)
[42] -------> [(545, 469), (558, 469), (558, 484), (545, 484)]  (俺)
[43] -------> [(545, 483), (558, 483), (558, 495), (545, 495)]  (ら)
[44] -------> [(545, 496), (558, 496), (558, 509), (545, 509)]  (も)
[45] -------> [(545, 509), (558, 509), (558, 534), (545, 534)]  (入り)
[46] -------> [(545, 535), (558, 535), (558, 561), (545, 561)]  (ます)
[47] -------> [(545, 561), (558, 561), (558, 573), (545, 573)]  (か)
[48] -------> [(555, 733), (567, 733), (567, 770), (555, 770)]  (プール)
[49] -------> [(555, 773), (567, 773), (567, 797), (555, 797)]  (って)
[50] -------> [(538, 734), (549, 734), (549, 755), (538, 755)]  (いい)
[51] -------> [(538, 758), (549, 758), (549, 783), (538, 783)]  (もん)
[52] -------> [(538, 784), (549, 784), (549, 795), (538, 795)]  (だ)
[53] -------> [(538, 797), (549, 797), (549, 809), (538, 809)]  (な)
[54] -------> [(538, 810), (549, 810), (549, 821), (538, 821)]  (!)
[55] -------> [(148, 542), (158, 545), (151, 567), (142, 564)]  (い)
[56] -------> [(444, 684), (452, 684), (452, 699), (444, 699)]  (おれ)
[57] -------> [(444, 716), (452, 716), (452, 731), (444, 731)]  (ふか)
[58] -------> [(428, 683), (444, 683), (444, 699), (428, 699)]  (俺)
[59] -------> [(428, 699), (444, 699), (444, 715), (428, 715)]  (が)
[60] -------> [(428, 717), (444, 717), (444, 746), (428, 746)]  (深い)
[61] -------> [(428, 749), (444, 749), (444, 764), (428, 764)]  (と)
[62] -------> [(428, 766), (444, 766), (444, 779), (428, 779)]  (は)
[63] -------> [(403, 684), (418, 684), (418, 714), (403, 714)]  (言え)
[64] -------> [(403, 717), (418, 717), (418, 746), (403, 746)]  (ない)
[65] -------> [(403, 748), (418, 748), (418, 764), (403, 764)]  (が)
[66] -------> [(320, 692), (332, 692), (332, 721), (320, 721)]  (あれ)
[67] -------> [(320, 723), (332, 723), (332, 736), (320, 736)]  (!!!)
[68] -------> [(492, 862), (503, 862), (503, 885), (492, 885)]  (いい)
[69] -------> [(492, 887), (503, 887), (503, 911), (492, 911)]  (もん)
[70] -------> [(492, 913), (503, 913), (503, 924), (492, 924)]  (だ)
[71] -------> [(492, 925), (503, 925), (503, 938), (492, 938)]  (!!!)
[72] -------> [(298, 692), (312, 692), (312, 707), (298, 707)]  (高)
[73] -------> [(298, 708), (312, 708), (312, 722), (298, 722)]  (須)
[74] -------> [(298, 723), (312, 723), (312, 736), (298, 736)]  (!!)
[75] -------> [(272, 744), (285, 744), (285, 756), (272, 756)]  (何)
[76] -------> [(272, 758), (285, 758), (284, 785), (271, 785)]  (その)
[77] -------> [(272, 788), (285, 788), (285, 801), (272, 801)]  (顔)
[78] -------> [(271, 803), (284, 803), (284, 817), (271, 817)]  (!)
[79] -------> [(193, 702), (210, 702), (210, 720), (193, 720)]  (･･･)
[80] -------> [(193, 722), (210, 722), (210, 778), (193, 778)]  (おまえ)
[81] -------> [(193, 781), (210, 781), (210, 799), (193, 799)]  (ら)
[82] -------> [(193, 800), (210, 800), (210, 817), (193, 817)]  (は)
[83] -------> [(164, 700), (181, 700), (180, 736), (163, 736)]  (浅い)
[84] -------> [(164, 740), (181, 740), (181, 758), (164, 758)]  (･･･)
[85] -------> [(104, 790), (117, 790), (117, 808), (104, 808)]  (あ)
[86] -------> [(104, 807), (117, 807), (117, 823), (104, 823)]  (!)
[87] -------> [(87, 863), (98, 863), (98, 900), (87, 900)]  (おーい)
[88] -------> [(65, 861), (78, 861), (78, 873), (65, 873)]  (高)
[89] -------> [(65, 875), (78, 875), (78, 887), (65, 887)]  (須)
[90] -------> [(65, 888), (78, 888), (78, 900), (65, 900)]  (君)
[91] -------> [(65, 901), (78, 901), (78, 912), (65, 912)]  (!)