
[1] -------> [(260, 213), (278, 213), (278, 243), (260, 243)]  (好き)
[2] -------> [(260, 243), (278, 243), (278, 258), (260, 258)]  (な)
[3] -------> [(260, 257), (278, 257), (278, 272), (260, 272)]  (色)
[4] -------> [(240, 299), (239, 424), (212, 424), (213, 299)]  (とうめい)
[5] -------> [(240, 424), (240, 454), (213, 454), (213, 424)]  (?)
[6] -------> [(590, 656), (590, 674), (583, 674), (583, 656)]  (ind)
[7] -------> [(533, 664), (533, 693), (526, 693), (526, 664)]  (にんじゃ)
[8] -------> [(639, 669), (650, 669), (650, 731), (639, 731)]  (スケルトン)
[9] -------> [(639, 733), (650, 733), (650, 745), (639, 745)]  (と)
[10] -------> [(639, 747), (650, 747), (650, 759), (639, 759)]  (は)
[11] -------> [(619, 668), (630, 668), (630, 694), (619, 694)]  (よく)
[12] -------> [(619, 694), (630, 694), (630, 718), (619, 718)]  (言っ)
[13] -------> [(619, 720), (630, 720), (630, 732), (619, 732)]  (た)
[14] -------> [(604, 668), (614, 668), (614, 692), (604, 692)]  (もん)
[15] -------> [(604, 698), (614, 698), (614, 706), (604, 706)]  (だ)
[16] -------> [(604, 709), (614, 709), (614, 731), (604, 731)]  (なぁ)
[17] -------> [(431, 647), (443, 647), (443, 662), (431, 662)]  (え)
[18] -------> [(431, 663), (443, 663), (443, 678), (431, 678)]  (?)
[19] -------> [(511, 663), (523, 663), (523, 693), (511, 693)]  (忍者)
[20] -------> [(511, 695), (523, 695), (523, 704), (511, 704)]  (･)
[21] -------> [(511, 698), (523, 698), (523, 704), (511, 704)]  (･)
[22] -------> [(511, 702), (523, 702), (523, 708), (511, 708)]  (･)
[23] -------> [(412, 648), (423, 648), (423, 675), (412, 675)]  (はい)
[24] -------> [(412, 677), (423, 677), (423, 692), (412, 692)]  (て)
[25] -------> [(388, 648), (402, 648), (402, 676), (388, 676)]  (ない)
[26] -------> [(388, 679), (402, 679), (402, 706), (388, 706)]  (って)
[27] -------> [(388, 707), (402, 707), (402, 721), (388, 721)]  (事)
[28] -------> [(388, 722), (402, 722), (402, 735), (388, 735)]  (?)
[29] -------> [(316, 649), (330, 649), (330, 679), (316, 679)]  (負け)
[30] -------> [(316, 679), (330, 679), (330, 691), (316, 691)]  (た)
[31] -------> [(316, 694), (330, 694), (330, 706), (316, 706)]  (!!!)
[32] -------> [(231, 717), (231, 753), (227, 753), (227, 717)]  (......)
[33] -------> [(297, 959), (443, 959), (443, 989), (297, 989)]  (おしまい)
[34] -------> [(635, 977), (663, 977), (663, 990), (635, 990)]  (160)