
[1] -------> [(641, 93), (648, 93), (648, 119), (641, 119)]  (たかす)
[2] -------> [(627, 93), (642, 93), (642, 109), (627, 109)]  (高)
[3] -------> [(627, 107), (642, 107), (642, 124), (627, 124)]  (須)
[4] -------> [(627, 123), (642, 123), (642, 139), (627, 139)]  (君)
[5] -------> [(610, 92), (621, 92), (621, 151), (610, 151)]  (どうにか)
[6] -------> [(610, 153), (621, 153), (621, 166), (610, 166)]  (し)
[7] -------> [(610, 168), (621, 168), (621, 181), (610, 181)]  (て)
[8] -------> [(591, 94), (604, 94), (604, 179), (591, 179)]  (くれんかのぉ)
[9] -------> [(591, 183), (604, 183), (604, 197), (591, 197)]  (~)
[10] -------> [(617, 390), (616, 410), (599, 409), (600, 389)]  (*)
[11] -------> [(604, 244), (605, 266), (592, 266), (591, 244)]  (おこ)
[12] -------> [(604, 265), (605, 290), (592, 290), (591, 265)]  (ちゃん)
[13] -------> [(589, 257), (589, 279), (579, 279), (579, 257)]  (しゃ)
[14] -------> [(588, 284), (588, 307), (579, 307), (579, 284)]  (から)
[15] -------> [(588, 306), (588, 317), (579, 317), (579, 306)]  (よ)
[16] -------> [(565, 258), (576, 258), (576, 279), (565, 279)]  (しぶ)
[17] -------> [(565, 279), (576, 279), (576, 300), (565, 300)]  (どう)
[18] -------> [(565, 301), (576, 301), (576, 312), (565, 312)]  (な)
[19] -------> [(458, 124), (473, 124), (474, 173), (459, 173)]  (なんで)
[20] -------> [(460, 173), (474, 173), (474, 191), (460, 191)]  (俺)
[21] -------> [(460, 196), (474, 196), (474, 202), (460, 202)]  (っ)
[22] -------> [(642, 501), (648, 501), (648, 523), (642, 523)]  (たいが)
[23] -------> [(629, 447), (641, 447), (640, 498), (628, 498)]  (ほれほれ)
[24] -------> [(629, 501), (641, 501), (641, 526), (629, 526)]  (大河)
[25] -------> [(623, 500), (628, 500), (628, 512), (623, 512)]  (くろ)
[26] -------> [(610, 448), (622, 448), (622, 474), (610, 474)]  (高須)
[27] -------> [(610, 475), (622, 475), (622, 487), (610, 487)]  (君)
[28] -------> [(610, 489), (622, 489), (622, 499), (610, 499)]  (の)
[29] -------> [(610, 501), (622, 501), (622, 512), (610, 512)]  (黒)
[30] -------> [(610, 514), (622, 514), (622, 553), (610, 553)]  (ちくび)
[31] -------> [(610, 553), (622, 553), (622, 564), (610, 564)]  (だ)
[32] -------> [(611, 567), (623, 567), (623, 578), (611, 578)]  (よ)
[33] -------> [(611, 579), (623, 579), (623, 589), (611, 589)]  (!)
[34] -------> [(584, 726), (597, 726), (597, 755), (584, 755)]  (高須)
[35] -------> [(584, 757), (597, 757), (597, 770), (584, 770)]  (君)
[36] -------> [(584, 775), (597, 775), (597, 800), (584, 800)]  (って)
[37] -------> [(562, 727), (575, 727), (575, 770), (562, 770)]  (夏休み)
[38] -------> [(562, 771), (575, 771), (575, 799), (562, 799)]  (空い)
[39] -------> [(562, 807), (575, 807), (575, 815), (562, 815)]  (て)
[40] -------> [(562, 815), (576, 815), (576, 843), (562, 843)]  (たり)
[41] -------> [(545, 725), (555, 725), (555, 754), (545, 754)]  (する)
[42] -------> [(545, 756), (555, 756), (555, 770), (545, 770)]  (~)
[43] -------> [(545, 770), (555, 770), (555, 785), (545, 785)]  (?)
[44] -------> [(418, 444), (428, 444), (428, 468), (418, 468)]  (ゴミ)
[45] -------> [(418, 471), (428, 471), (428, 521), (418, 521)]  (レーズン)
[46] -------> [(418, 523), (428, 523), (428, 536), (418, 536)]  (・・・)
[47] -------> [(130, 524), (142, 523), (144, 548), (132, 549)]  (あっ)
[48] -------> [(93, 557), (104, 557), (105, 614), (94, 614)]  (ねぇねぇ)
[49] -------> [(93, 616), (104, 616), (104, 629), (93, 629)]  (!)
[50] -------> [(193, 847), (201, 847), (200, 877), (192, 877)]  (べっそう)
[51] -------> [(179, 810), (192, 810), (192, 839), (179, 839)]  (うち)
[52] -------> [(179, 848), (192, 848), (192, 877), (179, 877)]  (別荘)
[53] -------> [(178, 878), (191, 878), (191, 890), (178, 890)]  (が)
[54] -------> [(161, 810), (172, 810), (172, 836), (161, 836)]  (あっ)
[55] -------> [(161, 842), (172, 842), (172, 855), (161, 855)]  (て)
[56] -------> [(161, 855), (172, 855), (172, 871), (161, 871)]  (~)
[57] -------> [(121, 840), (132, 840), (132, 881), (121, 881)]  (良かっ)
[58] -------> [(121, 885), (132, 885), (132, 912), (121, 912)]  (たら)
[59] -------> [(112, 841), (118, 841), (118, 869), (112, 869)]  (いっしょ)
[60] -------> [(98, 846), (111, 846), (111, 870), (98, 870)]  (一緒)
[61] -------> [(98, 872), (111, 872), (111, 882), (98, 882)]  (に)
[62] -------> [(98, 885), (111, 885), (111, 927), (98, 927)]  (過ごさ)
[63] -------> [(98, 928), (111, 928), (111, 958), (98, 958)]  (ない)
[64] -------> [(98, 959), (111, 959), (111, 972), (98, 972)]  (?)