
[1] -------> [(610, 45), (627, 45), (626, 92), (609, 92)]  (あんた)
[2] -------> [(610, 95), (626, 95), (626, 107), (610, 107)]  (の)
[3] -------> [(609, 111), (625, 111), (625, 124), (609, 124)]  (黒)
[4] -------> [(609, 127), (625, 127), (625, 157), (609, 157)]  (乳首)
[5] -------> [(609, 160), (625, 160), (625, 174), (609, 174)]  (が)
[6] -------> [(603, 45), (609, 45), (609, 60), (603, 60)]  (もう)
[7] -------> [(603, 61), (609, 61), (609, 76), (603, 76)]  (まく)
[8] -------> [(602, 95), (608, 95), (608, 102), (602, 102)]  (の)
[9] -------> [(585, 45), (600, 45), (600, 77), (585, 77)]  (網膜)
[10] -------> [(585, 80), (600, 80), (600, 93), (585, 93)]  (に)
[11] -------> [(585, 95), (600, 95), (600, 123), (585, 123)]  (残っ)
[12] -------> [(585, 129), (600, 129), (600, 143), (585, 143)]  (て)
[13] -------> [(585, 144), (601, 144), (601, 207), (585, 207)]  (むかつい)
[14] -------> [(586, 210), (601, 210), (601, 224), (586, 224)]  (て)
[15] -------> [(577, 47), (584, 47), (584, 76), (577, 76)]  (しかた)
[16] -------> [(561, 46), (575, 46), (575, 78), (561, 78)]  (仕方)
[17] -------> [(561, 79), (575, 79), (575, 108), (561, 108)]  (ない)
[18] -------> [(561, 112), (575, 112), (575, 125), (561, 125)]  (わ)
[19] -------> [(561, 128), (575, 128), (575, 138), (561, 138)]  (…)
[20] -------> [(561, 147), (575, 147), (575, 155), (561, 155)]  (   )
[21] -------> [(562, 159), (576, 159), (576, 175), (562, 175)]  (!!!)
[22] -------> [(398, 56), (404, 56), (404, 75), (398, 75)]  (くろ)
[23] -------> [(502, 121), (514, 121), (514, 151), (502, 151)]  (そっ)
[24] -------> [(469, 131), (479, 131), (480, 183), (470, 183)]  (そんなに)
[25] -------> [(366, 52), (394, 52), (394, 109), (366, 109)]  (黒い)
[26] -------> [(366, 119), (394, 119), (394, 136), (366, 136)]  (っ)
[27] -------> [(366, 144), (394, 144), (394, 171), (366, 171)]  (!!)
[28] -------> [(449, 132), (461, 132), (461, 157), (449, 157)]  (黒く)
[29] -------> [(449, 158), (461, 158), (461, 182), (449, 182)]  (ない)
[30] -------> [(449, 185), (461, 185), (461, 197), (449, 197)]  (や)
[31] -------> [(449, 199), (461, 199), (461, 219), (449, 219)]  (いっ)
[32] -------> [(449, 224), (461, 224), (461, 234), (449, 234)]  (!!)
[33] -------> [(137, 86), (152, 86), (152, 118), (137, 118)]  (乳輪)
[34] -------> [(137, 120), (152, 120), (152, 132), (137, 132)]  (の)
[35] -------> [(137, 135), (152, 135), (152, 165), (137, 165)]  (デカ)
[36] -------> [(137, 169), (152, 169), (152, 182), (137, 182)]  (さ)
[37] -------> [(137, 186), (152, 186), (152, 198), (137, 198)]  (に)
[38] -------> [(137, 201), (152, 201), (152, 217), (137, 217)]  (私)
[39] -------> [(137, 218), (152, 218), (152, 232), (137, 232)]  (の)
[40] -------> [(129, 135), (135, 135), (135, 150), (129, 150)]  (かく)
[41] -------> [(129, 151), (135, 151), (135, 167), (129, 167)]  (さん)
[42] -------> [(113, 87), (128, 87), (128, 118), (113, 118)]  (黒目)
[43] -------> [(113, 120), (128, 120), (128, 133), (113, 133)]  (が)
[44] -------> [(113, 136), (128, 136), (128, 167), (113, 167)]  (拡散)
[45] -------> [(113, 169), (128, 169), (128, 183), (113, 183)]  (し)
[46] -------> [(113, 186), (128, 186), (128, 215), (113, 215)]  (そう)
[47] -------> [(113, 220), (128, 220), (128, 232), (113, 232)]  (に)
[48] -------> [(95, 87), (108, 87), (108, 117), (95, 117)]  (なっ)
[49] -------> [(95, 120), (108, 120), (108, 135), (95, 135)]  (た)
[50] -------> [(95, 136), (108, 136), (108, 182), (95, 182)]  (ぐらい)
[51] -------> [(77, 285), (84, 285), (84, 305), (77, 305)]  (ぐろ)
[52] -------> [(39, 205), (71, 205), (71, 276), (39, 276)]  (ドス)
[53] -------> [(39, 278), (71, 278), (71, 345), (39, 345)]  (黒い)
[54] -------> [(39, 350), (71, 350), (71, 382), (39, 382)]  (!!!)
[55] -------> [(350, 645), (360, 645), (359, 674), (349, 674)]  (うそ)
[56] -------> [(349, 675), (358, 675), (357, 688), (348, 688)]  (･･･)
[57] -------> [(493, 755), (493, 768), (486, 768), (486, 755)]  (たい)
[58] -------> [(493, 757), (508, 757), (508, 784), (493, 784)]  (その)
[59] -------> [(493, 786), (508, 786), (508, 833), (493, 833)]  (どちら)
[60] -------> [(493, 836), (508, 836), (508, 850), (493, 850)]  (か)
[61] -------> [(493, 853), (508, 853), (508, 867), (493, 867)]  (で)
[62] -------> [(493, 869), (508, 869), (508, 901), (493, 901)]  (しか)
[63] -------> [(469, 753), (484, 753), (484, 785), (469, 785)]  (大河)
[64] -------> [(469, 787), (484, 787), (484, 801), (469, 801)]  (と)
[65] -------> [(469, 804), (484, 804), (484, 816), (469, 816)]  (の)
[66] -------> [(448, 756), (464, 756), (464, 901), (448, 901)]  (コミュニケーション)
[67] -------> [(448, 902), (464, 902), (464, 916), (448, 916)]  (は)
[68] -------> [(440, 755), (447, 755), (447, 786), (440, 786)]  (せいりつ)
[69] -------> [(423, 755), (440, 755), (440, 787), (423, 787)]  (成立)
[70] -------> [(423, 789), (440, 789), (440, 803), (423, 803)]  (し)
[71] -------> [(423, 804), (440, 804), (440, 834), (423, 834)]  (ない)
[72] -------> [(423, 838), (440, 838), (440, 882), (423, 882)]  (らしい)
[73] -------> [(121, 880), (137, 880), (136, 958), (120, 958)]  (おはよう)
[74] -------> [(95, 881), (112, 881), (111, 937), (94, 937)]  (ござい)
[75] -------> [(94, 938), (110, 938), (109, 978), (93, 978)]  (ます)
[76] -------> [(93, 975), (110, 975), (110, 996), (93, 996)]  (･･･)