
[1] -------> [(413, 39), (432, 39), (432, 87), (413, 87)]  (初めて)
[2] -------> [(413, 89), (432, 89), (432, 106), (413, 106)]  (見)
[3] -------> [(413, 106), (432, 106), (432, 120), (413, 120)]  (た)
[4] -------> [(413, 122), (432, 122), (432, 137), (413, 137)]  (わ)
[5] -------> [(355, 79), (373, 79), (372, 113), (354, 113)]  (学校)
[6] -------> [(355, 114), (373, 114), (373, 128), (355, 128)]  (の)
[7] -------> [(354, 128), (373, 128), (372, 179), (353, 179)]  (プール)
[8] -------> [(354, 178), (372, 178), (372, 194), (354, 194)]  (で)
[9] -------> [(329, 81), (344, 81), (345, 127), (330, 127)]  (ビキニ)
[10] -------> [(330, 129), (344, 129), (344, 147), (330, 147)]  (着)
[11] -------> [(331, 146), (345, 146), (346, 177), (332, 177)]  (てる)
[12] -------> [(313, 80), (326, 80), (326, 111), (313, 111)]  (バカ)
[13] -------> [(156, 426), (162, 642), (14, 646), (8, 430)]  (الله)
[14] -------> [(56, 860), (76, 860), (76, 880), (56, 880)]  (第)
[15] -------> [(78, 859), (102, 859), (102, 879), (78, 879)]  (32)
[16] -------> [(105, 859), (124, 859), (124, 879), (105, 879)]  (話)
[17] -------> [(56, 893), (106, 893), (106, 916), (56, 916)]  (勝負)
[18] -------> [(110, 893), (159, 893), (159, 916), (110, 916)]  (開始)
[19] -------> [(163, 893), (184, 893), (184, 916), (163, 916)]  (!)
[20] -------> [(56, 924), (186, 924), (186, 949), (56, 949)]  (バカチワワ)
[21] -------> [(187, 924), (231, 924), (231, 949), (187, 949)]  (VS)
[22] -------> [(232, 924), (258, 924), (258, 949), (232, 949)]  (手)
[23] -------> [(256, 924), (307, 924), (307, 949), (256, 949)]  (乗り)
[24] -------> [(310, 924), (418, 924), (418, 949), (310, 949)]  (タイガー)