
[1] -------> [(641, 74), (641, 102), (629, 102), (629, 74)]  (どう)
[2] -------> [(640, 104), (640, 117), (629, 117), (629, 104)]  (?)
[3] -------> [(621, 73), (622, 102), (609, 102), (608, 73)]  (どう)
[4] -------> [(622, 104), (622, 117), (610, 117), (610, 104)]  (?)
[5] -------> [(462, 69), (471, 69), (470, 101), (461, 101)]  (みずつめ)
[6] -------> [(445, 69), (463, 69), (463, 87), (445, 87)]  (水)
[7] -------> [(445, 85), (463, 85), (463, 132), (445, 132)]  (冷たい)
[8] -------> [(445, 135), (463, 135), (463, 151), (445, 151)]  (!!!)
[9] -------> [(403, 119), (414, 119), (414, 167), (403, 167)]  (みのりん)
[10] -------> [(386, 120), (396, 120), (396, 143), (386, 143)]  (走ら)
[11] -------> [(386, 145), (396, 145), (396, 168), (386, 168)]  (ない)
[12] -------> [(386, 170), (396, 170), (396, 180), (386, 180)]  (で)
[13] -------> [(365, 120), (377, 120), (378, 157), (366, 157)]  (髪の毛)
[14] -------> [(366, 157), (378, 157), (378, 181), (367, 181)]  (崩れ)
[15] -------> [(366, 182), (378, 182), (379, 218), (367, 218)]  (ちゃう)
[16] -------> [(106, 278), (118, 278), (118, 315), (106, 315)]  (いやー)
[17] -------> [(106, 315), (118, 315), (118, 328), (106, 328)]  (私)
[18] -------> [(396, 379), (403, 379), (403, 410), (396, 410)]  (しょうかい)
[19] -------> [(381, 379), (397, 379), (397, 412), (381, 412)]  (紹介)
[20] -------> [(381, 414), (397, 414), (397, 428), (381, 428)]  (し)
[21] -------> [(381, 430), (397, 430), (397, 459), (381, 459)]  (ます)
[22] -------> [(372, 412), (378, 412), (378, 440), (372, 440)]  (てんし)
[23] -------> [(356, 379), (371, 379), (371, 394), (356, 394)]  (俺)
[24] -------> [(356, 397), (371, 397), (371, 410), (356, 410)]  (の)
[25] -------> [(356, 414), (371, 414), (371, 445), (356, 445)]  (天使)
[26] -------> [(356, 446), (371, 446), (371, 477), (356, 477)]  (です)
[27] -------> [(126, 456), (132, 456), (132, 469), (126, 469)]  (なか)
[28] -------> [(113, 431), (125, 431), (125, 444), (113, 444)]  (水)
[29] -------> [(113, 445), (125, 445), (125, 456), (113, 456)]  (の)
[30] -------> [(113, 457), (125, 457), (125, 470), (113, 470)]  (中)
[31] -------> [(113, 472), (125, 472), (125, 482), (113, 482)]  (に)
[32] -------> [(113, 484), (125, 484), (125, 508), (113, 508)]  (居れ)
[33] -------> [(113, 509), (125, 509), (125, 520), (113, 520)]  (ば)
[34] -------> [(106, 456), (112, 456), (112, 469), (106, 469)]  (ほら)
[35] -------> [(91, 277), (102, 277), (102, 313), (91, 313)]  (わかっ)
[36] -------> [(91, 317), (102, 317), (102, 329), (91, 329)]  (た)
[37] -------> [(91, 330), (102, 330), (102, 341), (91, 341)]  (ん)
[38] -------> [(94, 431), (106, 431), (106, 455), (94, 455)]  (この)
[39] -------> [(94, 457), (106, 457), (106, 470), (94, 470)]  (腹)
[40] -------> [(94, 470), (106, 470), (106, 481), (94, 481)]  (を)
[41] -------> [(94, 483), (106, 483), (106, 507), (94, 507)]  (見せ)
[42] -------> [(94, 509), (106, 509), (106, 521), (94, 521)]  (ず)
[43] -------> [(94, 523), (106, 523), (106, 533), (94, 533)]  (に)
[44] -------> [(75, 276), (85, 276), (85, 289), (75, 289)]  (だ)
[45] -------> [(75, 290), (85, 290), (85, 302), (75, 302)]  (よ)
[46] -------> [(75, 303), (85, 303), (85, 313), (75, 313)]  (!)
[47] -------> [(78, 429), (89, 429), (89, 454), (78, 454)]  (すむ)
[48] -------> [(78, 458), (89, 458), (89, 481), (78, 481)]  (って)
[49] -------> [(78, 483), (89, 483), (89, 492), (78, 492)]  (さ)
[50] -------> [(78, 524), (89, 524), (89, 535), (78, 535)]  (!)
[51] -------> [(78, 530), (89, 530), (89, 538), (78, 538)]  (:)
[52] -------> [(610, 686), (620, 686), (620, 721), (610, 721)]  (あらあ)
[53] -------> [(396, 736), (408, 736), (410, 786), (398, 786)]  (なかなか)
[54] -------> [(379, 740), (389, 740), (389, 748), (379, 748)]  (出)
[55] -------> [(379, 751), (389, 751), (389, 761), (379, 761)]  (て)
[56] -------> [(379, 763), (389, 763), (389, 772), (379, 772)]  (こ)
[57] -------> [(379, 775), (389, 775), (389, 798), (379, 798)]  (ない)
[58] -------> [(379, 800), (389, 800), (389, 821), (379, 821)]  (から)
[59] -------> [(379, 823), (389, 823), (389, 835), (379, 835)]  (~)
[60] -------> [(495, 842), (494, 859), (487, 859), (488, 842)]  (あいさ)
[61] -------> [(475, 840), (487, 840), (487, 867), (475, 867)]  (逢坂)
[62] -------> [(475, 866), (487, 866), (487, 890), (475, 890)]  (さん)
[63] -------> [(458, 840), (469, 840), (469, 877), (458, 877)]  (やっと)
[64] -------> [(458, 878), (469, 878), (469, 890), (458, 890)]  (来)
[65] -------> [(458, 890), (469, 890), (469, 900), (458, 900)]  (た)
[66] -------> [(458, 904), (469, 904), (469, 913), (458, 913)]  (の)
[67] -------> [(458, 916), (469, 916), (469, 939), (458, 939)]  (おー)
[68] -------> [(130, 831), (142, 831), (143, 895), (131, 895)]  (もしかして)
[69] -------> [(130, 832), (130, 851), (125, 851), (125, 832)]  (みずぎ)
[70] -------> [(85, 831), (90, 831), (90, 844), (85, 844)]  (おも)
[71] -------> [(110, 832), (122, 832), (122, 858), (110, 858)]  (水着)
[72] -------> [(110, 858), (122, 858), (122, 869), (110, 869)]  (が)
[73] -------> [(110, 873), (122, 873), (123, 922), (111, 922)]  (ぶかぶか)
[74] -------> [(111, 924), (123, 924), (123, 934), (111, 934)]  (で)
[75] -------> [(91, 836), (102, 836), (102, 844), (91, 844)]  (出)
[76] -------> [(91, 846), (102, 846), (102, 857), (91, 857)]  (て)
[77] -------> [(91, 858), (102, 858), (102, 870), (91, 870)]  (来)
[78] -------> [(91, 872), (102, 872), (102, 882), (91, 882)]  (れ)
[79] -------> [(91, 885), (102, 885), (102, 908), (91, 908)]  (ない)
[80] -------> [(91, 912), (102, 912), (102, 922), (91, 922)]  (の)
[81] -------> [(91, 924), (102, 924), (102, 933), (91, 933)]  (か)
[82] -------> [(91, 937), (102, 937), (102, 948), (91, 948)]  (と)
[83] -------> [(71, 831), (82, 831), (82, 854), (71, 854)]  (思っ)
[84] -------> [(71, 857), (82, 857), (82, 921), (71, 921)]  (ちゃったあ)