
[1] -------> [(662, 43), (675, 43), (675, 87), (662, 87)]  (うーん)
[2] -------> [(619, 71), (632, 71), (633, 129), (620, 129)]  (やっぱり)
[3] -------> [(612, 72), (618, 72), (618, 85), (612, 85)]  (すい)
[4] -------> [(612, 86), (618, 86), (618, 99), (612, 99)]  (とい)
[5] -------> [(597, 70), (611, 70), (611, 100), (597, 100)]  (水泳)
[6] -------> [(597, 101), (611, 101), (611, 114), (597, 114)]  (か)
[7] -------> [(597, 115), (611, 115), (611, 143), (597, 143)]  (なぁ)
[8] -------> [(598, 145), (612, 145), (612, 159), (598, 159)]  (?)
[9] -------> [(445, 72), (461, 72), (461, 129), (445, 129)]  (バーリ)
[10] -------> [(424, 54), (435, 54), (436, 129), (425, 129)]  (トゥード)
[11] -------> [(192, 68), (205, 68), (205, 81), (192, 81)]  (･･･)
[12] -------> [(192, 82), (205, 82), (205, 110), (192, 110)]  (その)
[13] -------> [(174, 67), (185, 67), (185, 81), (174, 81)]  (2)
[14] -------> [(174, 83), (185, 83), (186, 123), (175, 123)]  (つがあ)
[15] -------> [(155, 66), (168, 66), (167, 110), (154, 110)]  (うーん)
[16] -------> [(131, 66), (145, 66), (145, 94), (131, 94)]  (迷う)
[17] -------> [(131, 96), (145, 96), (145, 124), (131, 124)]  (なあ)
[18] -------> [(653, 380), (653, 375), (670, 375), (670, 380)]  (บ)
[19] -------> [(654, 383), (665, 383), (665, 397), (654, 397)]  (て)
[20] -------> [(469, 358), (478, 358), (478, 388), (469, 388)]  (よかっ)
[21] -------> [(469, 390), (478, 390), (478, 400), (469, 400)]  (た)
[22] -------> [(469, 401), (478, 401), (478, 409), (469, 409)]  (あ)
[23] -------> [(362, 373), (373, 373), (373, 412), (362, 412)]  (あたし)
[24] -------> [(577, 390), (587, 390), (587, 469), (577, 469)]  (バーリトゥード)
[25] -------> [(577, 472), (587, 472), (587, 494), (577, 494)]  (って)
[26] -------> [(577, 493), (587, 493), (587, 504), (577, 504)]  (!)
[27] -------> [(345, 373), (357, 373), (357, 425), (345, 425)]  (がんばる)
[28] -------> [(345, 426), (357, 426), (357, 439), (345, 439)]  (ね)
[29] -------> [(345, 440), (357, 440), (357, 451), (345, 451)]  (!)
[30] -------> [(177, 377), (187, 377), (187, 432), (177, 432)]  (なぁなぁ)
[31] -------> [(652, 594), (661, 594), (661, 630), (652, 630)]  (バーリ)
[32] -------> [(636, 596), (647, 596), (647, 643), (636, 643)]  (トゥード)
[33] -------> [(636, 646), (647, 646), (647, 667), (636, 667)]  (って)
[34] -------> [(620, 594), (630, 594), (630, 618), (620, 618)]  (なん)
[35] -------> [(620, 619), (630, 619), (630, 630), (620, 630)]  (だ)
[36] -------> [(620, 632), (630, 632), (630, 642), (620, 642)]  (よ)
[37] -------> [(108, 597), (152, 597), (151, 689), (107, 689)]  (77)
[38] -------> [(108, 687), (152, 687), (152, 731), (108, 731)]  (れ)
[39] -------> [(107, 734), (152, 734), (151, 822), (106, 822)]  (カス)
[40] -------> [(107, 825), (151, 825), (151, 866), (107, 866)]  (!!)
[41] -------> [(137, 956), (148, 956), (148, 971), (137, 971)]  (※)
[42] -------> [(152, 956), (254, 956), (254, 971), (152, 971)]  (インターネット)
[43] -------> [(256, 956), (271, 956), (271, 971), (256, 971)]  (を)
[44] -------> [(270, 956), (296, 956), (296, 971), (270, 971)]  (使っ)
[45] -------> [(299, 956), (312, 956), (312, 971), (299, 971)]  (て)
[46] -------> [(315, 956), (344, 956), (344, 971), (315, 971)]  (自分)
[47] -------> [(344, 956), (358, 956), (358, 971), (344, 971)]  (で)
[48] -------> [(358, 956), (387, 956), (387, 971), (358, 971)]  (調べ)
[49] -------> [(388, 956), (401, 956), (401, 971), (388, 971)]  (て)
[50] -------> [(402, 956), (448, 956), (448, 971), (402, 971)]  (下さい)