
[1] -------> [(686, 43), (693, 43), (693, 63), (686, 63)]  (ぜん)
[2] -------> [(686, 105), (694, 105), (694, 125), (686, 125)]  (ぜん)
[3] -------> [(654, 37), (688, 37), (688, 66), (654, 66)]  (全)
[4] -------> [(654, 73), (688, 73), (688, 98), (654, 98)]  (ッ)
[5] -------> [(654, 100), (688, 100), (688, 130), (654, 130)]  (然)
[6] -------> [(654, 131), (688, 131), (688, 157), (654, 157)]  (!!!)
[7] -------> [(625, 41), (648, 41), (648, 114), (625, 114)]  (わかっ)
[8] -------> [(625, 119), (648, 119), (648, 143), (625, 143)]  (て)
[9] -------> [(625, 144), (648, 144), (648, 193), (625, 193)]  (ねぇ)
[10] -------> [(625, 197), (648, 197), (648, 219), (625, 219)]  (な)
[11] -------> [(667, 343), (680, 343), (680, 358), (667, 358)]  (前)
[12] -------> [(667, 361), (680, 361), (680, 373), (667, 373)]  (の)
[13] -------> [(667, 376), (680, 376), (680, 390), (667, 390)]  (時)
[14] -------> [(667, 392), (680, 392), (680, 405), (667, 405)]  (も)
[15] -------> [(667, 409), (680, 409), (680, 439), (667, 439)]  (そう)
[16] -------> [(667, 441), (680, 441), (680, 455), (667, 455)]  (だ)
[17] -------> [(667, 458), (680, 458), (680, 472), (667, 472)]  (よ)
[18] -------> [(667, 474), (680, 474), (680, 489), (667, 489)]  (な)
[19] -------> [(668, 490), (681, 490), (681, 503), (668, 503)]  (!!!)
[20] -------> [(646, 343), (660, 343), (660, 389), (646, 389)]  (おまえ)
[21] -------> [(646, 392), (660, 392), (660, 406), (646, 406)]  (は)
[22] -------> [(646, 410), (660, 410), (660, 455), (646, 455)]  (いつも)
[23] -------> [(646, 457), (660, 457), (660, 486), (646, 486)]  (そう)
[24] -------> [(646, 489), (660, 489), (660, 504), (646, 504)]  (だ)
[25] -------> [(646, 505), (660, 505), (660, 519), (646, 519)]  (!!!!)
[26] -------> [(610, 169), (618, 169), (618, 195), (610, 195)]  (おんな)
[27] -------> [(609, 518), (618, 518), (617, 558), (608, 558)]  (おれこ)
[28] -------> [(585, 38), (609, 38), (609, 115), (585, 115)]  (おまえ)
[29] -------> [(585, 122), (609, 122), (609, 168), (585, 168)]  (って)
[30] -------> [(585, 169), (609, 169), (609, 194), (585, 194)]  (女)
[31] -------> [(585, 196), (609, 196), (609, 218), (585, 218)]  (は)
[32] -------> [(584, 222), (608, 222), (608, 244), (584, 244)]  (!!)
[33] -------> [(292, 41), (311, 41), (311, 103), (292, 103)]  (わかっ)
[34] -------> [(292, 111), (311, 111), (311, 131), (292, 131)]  (て)
[35] -------> [(292, 133), (311, 133), (311, 175), (292, 175)]  (ない)
[36] -------> [(292, 180), (311, 180), (311, 199), (292, 199)]  (の)
[37] -------> [(292, 202), (311, 202), (311, 223), (292, 223)]  (は)
[38] -------> [(262, 41), (283, 41), (283, 108), (262, 108)]  (あんた)
[39] -------> [(262, 111), (283, 111), (283, 132), (262, 132)]  (よ)
[40] -------> [(262, 133), (283, 133), (283, 151), (262, 151)]  (!!!!)
[41] -------> [(201, 194), (214, 194), (214, 241), (201, 241)]  (なんで)
[42] -------> [(201, 243), (214, 243), (214, 258), (201, 258)]  (よ)
[43] -------> [(201, 259), (214, 259), (214, 275), (201, 275)]  (!!!!)
[44] -------> [(180, 193), (194, 193), (194, 240), (180, 240)]  (なんで)
[45] -------> [(180, 243), (194, 243), (194, 288), (180, 288)]  (わかっ)
[46] -------> [(180, 292), (194, 292), (194, 307), (180, 307)]  (て)
[47] -------> [(160, 193), (173, 193), (173, 224), (160, 224)]  (くれ)
[48] -------> [(160, 226), (173, 226), (173, 257), (160, 257)]  (ない)
[49] -------> [(160, 260), (173, 260), (173, 273), (160, 273)]  (の)
[50] -------> [(160, 275), (173, 275), (173, 290), (160, 290)]  (!)
[51] -------> [(111, 195), (118, 195), (118, 211), (111, 211)]  (わたし)
[52] -------> [(111, 228), (118, 228), (118, 242), (111, 242)]  (おこ)
[53] -------> [(94, 197), (109, 197), (109, 211), (94, 211)]  (私)
[54] -------> [(94, 212), (109, 212), (109, 226), (94, 226)]  (は)
[55] -------> [(94, 227), (110, 227), (111, 257), (95, 257)]  (怒っ)
[56] -------> [(95, 262), (110, 262), (110, 276), (95, 276)]  (て)
[57] -------> [(95, 277), (111, 277), (112, 323), (96, 323)]  (なんか)
[58] -------> [(97, 326), (112, 326), (113, 356), (98, 356)]  (ない)
[59] -------> [(593, 519), (608, 519), (608, 536), (593, 536)]  (俺)
[60] -------> [(593, 537), (608, 537), (608, 550), (593, 550)]  (の)
[61] -------> [(593, 552), (608, 552), (608, 568), (593, 568)]  (事)
[62] -------> [(593, 568), (608, 568), (608, 615), (593, 615)]  (なんか)
[63] -------> [(574, 518), (588, 518), (588, 550), (574, 550)]  (どう)
[64] -------> [(574, 553), (588, 553), (588, 583), (574, 583)]  (でも)
[65] -------> [(574, 587), (588, 587), (588, 615), (574, 615)]  (いい)
[66] -------> [(574, 622), (588, 622), (588, 649), (574, 649)]  (って)
[67] -------> [(564, 519), (573, 519), (573, 547), (564, 547)]  (かって)
[68] -------> [(564, 568), (573, 568), (573, 584), (564, 584)]  (わる)
[69] -------> [(564, 601), (574, 601), (574, 617), (564, 617)]  (ほう)
[70] -------> [(565, 634), (574, 634), (574, 644), (565, 644)]  (かん)
[71] -------> [(565, 644), (574, 644), (574, 649), (565, 649)]  (が)
[72] -------> [(547, 519), (562, 519), (562, 549), (547, 549)]  (勝手)
[73] -------> [(547, 552), (562, 552), (562, 564), (547, 564)]  (に)
[74] -------> [(547, 568), (562, 568), (562, 597), (547, 597)]  (悪い)
[75] -------> [(547, 600), (562, 600), (562, 615), (547, 615)]  (方)
[76] -------> [(547, 618), (562, 618), (562, 630), (547, 630)]  (に)
[77] -------> [(547, 633), (562, 633), (562, 663), (547, 663)]  (考え)
[78] -------> [(547, 667), (562, 667), (562, 682), (547, 682)]  (て)
[79] -------> [(540, 519), (547, 519), (547, 535), (540, 535)]  (おれ)
[80] -------> [(540, 552), (547, 552), (547, 583), (540, 583)]  (あくにん)
[81] -------> [(523, 518), (537, 518), (537, 533), (523, 533)]  (俺)
[82] -------> [(523, 534), (537, 534), (537, 548), (523, 548)]  (を)
[83] -------> [(523, 552), (537, 552), (537, 581), (523, 581)]  (悪人)
[84] -------> [(523, 585), (537, 585), (537, 597), (523, 597)]  (に)
[85] -------> [(523, 600), (537, 600), (537, 614), (523, 614)]  (し)
[86] -------> [(523, 617), (537, 617), (537, 632), (523, 632)]  (て)
[87] -------> [(523, 633), (537, 633), (537, 647), (523, 647)]  (よ)
[88] -------> [(431, 684), (437, 684), (437, 700), (431, 700)]  (見なし)
[89] -------> [(416, 553), (431, 553), (430, 618), (415, 618)]  (どうして)
[90] -------> [(415, 618), (430, 618), (430, 650), (415, 650)]  (また)
[91] -------> [(415, 652), (429, 652), (429, 682), (415, 682)]  (その)
[92] -------> [(415, 684), (429, 684), (429, 700), (415, 700)]  (話)
[93] -------> [(678, 688), (687, 688), (687, 704), (678, 704)]  (おれ)
[94] -------> [(678, 721), (687, 721), (687, 753), (678, 753)]  (かわしま)
[95] -------> [(662, 688), (678, 688), (678, 705), (662, 705)]  (俺)
[96] -------> [(662, 705), (678, 705), (678, 719), (662, 719)]  (が)
[97] -------> [(662, 722), (678, 722), (678, 753), (662, 753)]  (川嶋)
[98] -------> [(662, 754), (678, 754), (678, 768), (662, 768)]  (と)
[99] -------> [(662, 771), (679, 771), (679, 832), (662, 832)]  (抱き合っ)
[100] -------> [(663, 837), (679, 837), (679, 851), (663, 851)]  (て)
[101] -------> [(638, 687), (653, 687), (653, 717), (638, 717)]  (それ)
[102] -------> [(638, 721), (653, 721), (653, 734), (638, 734)]  (が)
[103] -------> [(638, 742), (653, 742), (653, 769), (638, 769)]  (一体)
[104] -------> [(638, 770), (653, 770), (653, 799), (638, 799)]  (なん)
[105] -------> [(638, 802), (653, 802), (653, 817), (638, 817)]  (な)
[106] -------> [(638, 819), (653, 819), (653, 834), (638, 834)]  (ん)
[107] -------> [(638, 835), (653, 835), (653, 850), (638, 850)]  (だ)
[108] -------> [(638, 852), (653, 852), (653, 867), (638, 867)]  (よ)
[109] -------> [(619, 688), (634, 688), (634, 719), (619, 719)]  (どう)
[110] -------> [(619, 722), (634, 722), (634, 752), (619, 752)]  (でも)
[111] -------> [(619, 757), (634, 757), (634, 784), (619, 784)]  (いい)
[112] -------> [(619, 787), (634, 787), (634, 799), (619, 799)]  (ん)
[113] -------> [(619, 803), (634, 803), (634, 833), (619, 833)]  (だろ)
[114] -------> [(619, 836), (634, 836), (634, 849), (619, 849)]  (!!!)
[115] -------> [(390, 553), (405, 553), (405, 586), (390, 586)]  (する)
[116] -------> [(390, 589), (405, 589), (405, 602), (390, 602)]  (の)
[117] -------> [(390, 604), (405, 604), (405, 617), (390, 617)]  (!)
[118] -------> [(390, 605), (405, 605), (405, 618), (390, 618)]  (?)
[119] -------> [(390, 605), (405, 605), (405, 617), (390, 617)]  (!)
[120] -------> [(390, 605), (405, 605), (405, 617), (390, 617)]  (?)
[121] -------> [(390, 636), (405, 636), (405, 665), (390, 665)]  (怒っ)
[122] -------> [(390, 670), (405, 670), (405, 684), (390, 684)]  (て)
[123] -------> [(390, 686), (406, 686), (406, 716), (390, 716)]  (ない)
[124] -------> [(391, 722), (406, 722), (406, 750), (391, 750)]  (って)
[125] -------> [(367, 554), (380, 554), (380, 582), (367, 582)]  (言っ)
[126] -------> [(367, 588), (380, 588), (380, 618), (367, 618)]  (てる)
[127] -------> [(367, 620), (380, 620), (380, 649), (367, 649)]  (じゃ)
[128] -------> [(367, 653), (380, 653), (380, 684), (367, 684)]  (ない)
[129] -------> [(367, 685), (380, 685), (380, 698), (367, 698)]  (!!!)
[130] -------> [(523, 817), (535, 817), (535, 864), (523, 864)]  (なんで)
[131] -------> [(313, 777), (332, 777), (331, 821), (312, 821)]  (なに)
[132] -------> [(312, 824), (330, 824), (330, 844), (312, 844)]  (よ)
[133] -------> [(312, 847), (330, 847), (330, 866), (312, 866)]  (!!!)
[134] -------> [(502, 818), (516, 818), (516, 866), (502, 866)]  (おまえ)
[135] -------> [(502, 868), (516, 868), (516, 881), (502, 881)]  (に)
[136] -------> [(502, 883), (516, 883), (516, 947), (502, 947)]  (とやかく)
[137] -------> [(477, 819), (492, 819), (492, 849), (477, 849)]  (言わ)
[138] -------> [(477, 852), (492, 852), (492, 865), (477, 865)]  (れ)
[139] -------> [(477, 867), (492, 867), (492, 913), (477, 913)]  (なきゃ)
[140] -------> [(477, 919), (492, 919), (492, 949), (477, 949)]  (いけ)
[141] -------> [(477, 949), (492, 949), (492, 980), (477, 980)]  (ない)
[142] -------> [(477, 982), (492, 982), (492, 994), (477, 994)]  (!!!)
[143] -------> [(225, 837), (249, 837), (249, 858), (225, 858)]  (私)
[144] -------> [(225, 860), (249, 860), (249, 876), (225, 876)]  (の)
[145] -------> [(225, 877), (249, 877), (248, 934), (224, 934)]  (気持ち)
[146] -------> [(201, 839), (219, 839), (219, 895), (201, 895)]  (わから)
[147] -------> [(201, 898), (219, 898), (219, 933), (201, 933)]  (ない)
[148] -------> [(201, 937), (219, 937), (219, 975), (201, 975)]  (くせ)
[149] -------> [(201, 977), (219, 977), (219, 994), (201, 994)]  (に)
[150] -------> [(193, 956), (198, 956), (198, 974), (193, 974)]  (こと)
[151] -------> [(171, 855), (189, 855), (189, 873), (171, 873)]  (あっ)
[152] -------> [(171, 878), (189, 878), (189, 894), (171, 894)]  (た)
[153] -------> [(171, 898), (189, 898), (189, 936), (171, 936)]  (よう)
[154] -------> [(171, 936), (189, 936), (189, 954), (171, 954)]  (な)
[155] -------> [(170, 955), (188, 955), (188, 976), (170, 976)]  (事)
[156] -------> [(142, 838), (160, 838), (160, 876), (142, 876)]  (言わ)
[157] -------> [(142, 878), (160, 878), (160, 914), (142, 914)]  (ない)
[158] -------> [(142, 918), (160, 918), (160, 935), (142, 935)]  (で)
[159] -------> [(142, 937), (160, 937), (160, 954), (142, 954)]  (よ)
[160] -------> [(142, 957), (160, 957), (160, 975), (142, 975)]  (!!)