
[1] -------> [(579, 124), (590, 124), (590, 137), (579, 137)]  (春)
[2] -------> [(579, 139), (590, 139), (590, 150), (579, 150)]  (田)
[3] -------> [(342, 83), (352, 83), (352, 104), (342, 104)]  (おい)
[4] -------> [(342, 113), (352, 113), (352, 149), (342, 149)]  (おまえ)
[5] -------> [(327, 82), (336, 82), (336, 143), (327, 143)]  (もしかして)
[6] -------> [(308, 82), (318, 82), (318, 107), (308, 107)]  (もう)
[7] -------> [(308, 108), (318, 108), (318, 131), (308, 131)]  (強い)
[8] -------> [(308, 134), (318, 134), (318, 142), (308, 142)]  (の)
[9] -------> [(560, 128), (571, 128), (571, 136), (560, 136)]  (3)
[10] -------> [(560, 138), (571, 138), (571, 161), (560, 161)]  (持っ)
[11] -------> [(560, 165), (571, 165), (571, 177), (560, 177)]  (て)
[12] -------> [(560, 177), (571, 177), (571, 202), (560, 202)]  (ない)
[13] -------> [(560, 204), (571, 204), (571, 215), (560, 215)]  (で)
[14] -------> [(544, 126), (554, 126), (554, 137), (544, 137)]  (2)
[15] -------> [(544, 139), (554, 139), (554, 151), (544, 151)]  (で)
[16] -------> [(544, 152), (554, 152), (554, 176), (544, 176)]  (レポ)
[17] -------> [(544, 180), (554, 180), (554, 188), (544, 188)]  (っ)
[18] -------> [(544, 191), (554, 191), (554, 203), (544, 203)]  (た)
[19] -------> [(544, 204), (554, 204), (554, 215), (544, 215)]  (の)
[20] -------> [(544, 216), (554, 216), (554, 226), (544, 226)]  (?)
[21] -------> [(288, 82), (298, 82), (298, 105), (288, 105)]  (持っ)
[22] -------> [(288, 109), (298, 109), (298, 120), (288, 120)]  (て)
[23] -------> [(288, 120), (298, 120), (298, 143), (288, 143)]  (ない)
[24] -------> [(289, 145), (299, 145), (299, 155), (289, 155)]  (ん)
[25] -------> [(289, 157), (299, 157), (299, 179), (289, 179)]  (じゃ)
[26] -------> [(289, 181), (299, 181), (299, 191), (289, 191)]  (…)
[27] -------> [(151, 97), (162, 97), (162, 120), (151, 120)]  (弱い)
[28] -------> [(151, 122), (162, 122), (162, 132), (151, 132)]  (の)
[29] -------> [(151, 134), (162, 134), (162, 144), (151, 144)]  (か)
[30] -------> [(151, 146), (162, 146), (162, 157), (151, 157)]  (?)
[31] -------> [(235, 151), (246, 151), (246, 164), (235, 164)]  (俺)
[32] -------> [(235, 179), (246, 179), (247, 215), (236, 215)]  (さっき)
[33] -------> [(216, 152), (225, 152), (225, 176), (216, 176)]  (出し)
[34] -------> [(216, 179), (225, 179), (225, 190), (216, 190)]  (た)
[35] -------> [(216, 191), (225, 191), (225, 202), (216, 202)]  (し)
[36] -------> [(418, 225), (429, 225), (429, 250), (418, 250)]  (レボ)
[37] -------> [(418, 253), (429, 253), (429, 267), (418, 267)]  (?)
[38] -------> [(401, 282), (407, 282), (407, 323), (401, 323)]  (レボリューション)
[39] -------> [(90, 224), (99, 224), (99, 246), (90, 246)]  (アホ)
[40] -------> [(90, 248), (99, 248), (99, 258), (90, 258)]  (?)
[41] -------> [(383, 285), (399, 285), (399, 320), (383, 320)]  (革命)
[42] -------> [(70, 290), (80, 290), (80, 314), (70, 314)]  (バカ)
[43] -------> [(70, 316), (80, 316), (80, 328), (70, 328)]  (?)
[44] -------> [(114, 470), (132, 470), (132, 488), (114, 488)]  (大)
[45] -------> [(133, 470), (171, 470), (171, 488), (133, 488)]  (貧民)
[46] -------> [(262, 471), (300, 471), (300, 488), (262, 488)]  (貧民)
[47] -------> [(321, 411), (378, 411), (378, 432), (321, 432)]  (結果)
[48] -------> [(409, 469), (448, 469), (448, 489), (409, 489)]  (富豪)
[49] -------> [(174, 510), (182, 510), (182, 532), (174, 532)]  (受け)
[50] -------> [(174, 530), (182, 530), (182, 540), (174, 540)]  (て)
[51] -------> [(174, 541), (182, 541), (182, 559), (174, 559)]  (しま)
[52] -------> [(174, 560), (182, 560), (182, 568), (174, 568)]  (た)
[53] -------> [(358, 531), (369, 530), (371, 560), (360, 561)]  (セコイ)
[54] -------> [(328, 507), (335, 507), (335, 544), (328, 544)]  (たすかっ)
[55] -------> [(328, 545), (335, 545), (335, 555), (328, 555)]  (た)
[56] -------> [(545, 469), (565, 470), (564, 488), (544, 487)]  (大)
[57] -------> [(564, 470), (602, 472), (601, 490), (563, 488)]  (富豪)
[58] -------> [(626, 529), (634, 529), (634, 538), (626, 538)]  (田)
[59] -------> [(506, 512), (519, 511), (520, 522), (507, 523)]  (村)
[60] -------> [(506, 523), (519, 522), (520, 531), (507, 532)]  (に)
[61] -------> [(507, 533), (520, 532), (522, 555), (509, 556)]  (レール)
[62] -------> [(508, 556), (522, 555), (524, 578), (510, 579)]  (教え)
[63] -------> [(510, 580), (523, 579), (524, 588), (511, 589)]  (て)
[64] -------> [(504, 597), (511, 596), (512, 606), (505, 607)]  (よ)
[65] -------> [(484, 514), (487, 561), (477, 562), (474, 515)]  (どうぞ)
[66] -------> [(486, 564), (487, 588), (478, 588), (477, 565)]  (春田)
[67] -------> [(577, 706), (593, 706), (593, 743), (577, 743)]  (よし)
[68] -------> [(577, 746), (593, 746), (593, 801), (577, 801)]  (じゃあ)
[69] -------> [(546, 703), (567, 704), (566, 745), (545, 744)]  (聞い)
[70] -------> [(545, 746), (565, 747), (564, 766), (545, 765)]  (て)
[71] -------> [(544, 764), (565, 765), (564, 805), (543, 804)]  (くる)
[72] -------> [(544, 803), (564, 804), (563, 824), (543, 823)]  (!!)
[73] -------> [(424, 815), (432, 814), (433, 830), (425, 831)]  (えら)
[74] -------> [(409, 815), (425, 815), (425, 880), (409, 880)]  (選ばれし)
[75] -------> [(400, 815), (408, 815), (409, 846), (401, 846)]  (ゆうしゃ)
[76] -------> [(385, 815), (399, 815), (399, 848), (385, 848)]  (勇者)
[77] -------> [(385, 848), (399, 848), (399, 862), (385, 862)]  (だ)
[78] -------> [(385, 865), (399, 865), (399, 880), (385, 880)]  (...)
[79] -------> [(385, 882), (399, 882), (399, 895), (385, 895)]  (!!!)
[80] -------> [(143, 722), (198, 742), (184, 783), (128, 762)]  (す)
[81] -------> [(190, 739), (220, 750), (205, 790), (175, 779)]  (た)
[82] -------> [(220, 749), (301, 779), (286, 820), (205, 790)]  (さっきー)
[83] -------> [(131, 774), (142, 774), (142, 798), (131, 798)]  (あみ)
[84] -------> [(58, 978), (88, 978), (88, 991), (58, 991)]  (157)