
[1] -------> [(380, 74), (391, 73), (393, 114), (382, 115)]  (きゃつ)
[2] -------> [(607, 371), (615, 371), (614, 411), (606, 411)]  (かって)
[3] -------> [(575, 368), (603, 365), (609, 419), (581, 423)]  (勝手)
[4] -------> [(581, 422), (609, 419), (612, 444), (584, 447)]  (な)
[5] -------> [(584, 448), (612, 445), (615, 470), (587, 473)]  (事)
[6] -------> [(550, 369), (574, 369), (574, 445), (550, 445)]  (ほざい)
[7] -------> [(550, 448), (574, 448), (574, 496), (550, 496)]  (てん)
[8] -------> [(550, 500), (574, 500), (574, 547), (550, 547)]  (じゃ)
[9] -------> [(516, 369), (540, 369), (540, 419), (516, 419)]  (ない)
[10] -------> [(516, 422), (540, 422), (540, 447), (516, 447)]  (わ)
[11] -------> [(516, 448), (540, 448), (540, 472), (516, 472)]  (よ)
[12] -------> [(516, 474), (540, 474), (540, 495), (516, 495)]  (!!!)
[13] -------> [(630, 777), (640, 777), (640, 834), (630, 834)]  (いきなり)
[14] -------> [(609, 775), (623, 775), (623, 804), (609, 804)]  (どう)
[15] -------> [(609, 806), (623, 806), (623, 819), (609, 819)]  (し)
[16] -------> [(609, 821), (623, 821), (623, 861), (609, 861)]  (ちゃっ)
[17] -------> [(609, 865), (623, 865), (623, 877), (609, 877)]  (た)
[18] -------> [(609, 880), (623, 880), (623, 891), (609, 891)]  (の)
[19] -------> [(612, 776), (610, 806), (602, 805), (604, 775)]  (あいか)
[20] -------> [(587, 775), (600, 775), (600, 804), (587, 804)]  (逢坂)
[21] -------> [(587, 806), (600, 806), (600, 832), (587, 832)]  (さん)
[22] -------> [(587, 835), (600, 835), (600, 849), (587, 849)]  (･･･)
[23] -------> [(410, 787), (416, 787), (416, 823), (410, 823)]  (かすみ)
[24] -------> [(396, 779), (409, 779), (409, 808), (396, 808)]  (高須)
[25] -------> [(396, 810), (409, 810), (409, 823), (396, 823)]  (君)
[26] -------> [(396, 824), (409, 824), (409, 836), (396, 836)]  (と)
[27] -------> [(396, 839), (409, 839), (409, 852), (396, 852)]  (私)
[28] -------> [(396, 854), (409, 854), (409, 865), (396, 865)]  (が)
[29] -------> [(388, 779), (395, 779), (395, 794), (388, 794)]  (なつ)
[30] -------> [(388, 795), (395, 795), (395, 808), (388, 808)]  (やす)
[31] -------> [(397, 822), (397, 851), (390, 851), (390, 822)]  (いっしょ)
[32] -------> [(372, 780), (387, 780), (388, 822), (373, 822)]  (夏休み)
[33] -------> [(372, 829), (387, 829), (387, 853), (372, 853)]  (一緒)
[34] -------> [(373, 854), (388, 854), (388, 865), (373, 865)]  (に)
[35] -------> [(351, 779), (364, 779), (364, 824), (351, 824)]  (過ごす)
[36] -------> [(351, 825), (364, 825), (364, 836), (351, 836)]  (の)
[37] -------> [(351, 838), (364, 838), (364, 849), (351, 849)]  (が)
[38] -------> [(334, 780), (346, 780), (346, 837), (334, 837)]  (そんなに)
[39] -------> [(334, 839), (346, 839), (346, 866), (334, 866)]  (イヤ)
[40] -------> [(314, 779), (326, 779), (326, 792), (314, 792)]  (な)
[41] -------> [(314, 795), (326, 795), (326, 808), (314, 808)]  (の)
[42] -------> [(314, 809), (326, 809), (326, 822), (314, 822)]  (?)
[43] -------> [(543, 843), (554, 843), (556, 879), (545, 880)]  (こわい)
[44] -------> [(545, 884), (555, 884), (555, 892), (545, 892)]  (っ)
[45] -------> [(133, 801), (156, 801), (157, 877), (134, 877)]  (そんな)
[46] -------> [(135, 881), (157, 881), (158, 930), (136, 930)]  (ワケ)
[47] -------> [(101, 801), (125, 801), (125, 852), (101, 852)]  (ない)
[48] -------> [(101, 855), (125, 855), (125, 927), (101, 927)]  (でしょ)
[49] -------> [(101, 937), (125, 937), (125, 953), (101, 953)]  (っ)
[50] -------> [(101, 959), (125, 959), (125, 983), (101, 983)]  (!!)