
[1] -------> [(606, 413), (612, 413), (612, 448), (606, 448)]  (みそしる)
[2] -------> [(594, 410), (605, 410), (605, 449), (594, 449)]  (味噌汁)
[3] -------> [(594, 450), (605, 450), (605, 461), (594, 461)]  (も)
[4] -------> [(426, 448), (426, 470), (420, 470), (420, 448)]  (きょう)
[5] -------> [(425, 472), (425, 478), (420, 478), (420, 472)]  (は)
[6] -------> [(425, 478), (425, 484), (420, 484), (420, 478)]  (じ)
[7] -------> [(386, 446), (398, 446), (398, 468), (386, 468)]  (作っ)
[8] -------> [(386, 472), (398, 472), (398, 484), (386, 484)]  (た)
[9] -------> [(386, 485), (398, 485), (398, 509), (386, 509)]  (けど)
[10] -------> [(387, 447), (387, 472), (382, 472), (382, 447)]  (せいこう)
[11] -------> [(538, 120), (547, 120), (546, 162), (537, 162)]  (よーし)
[12] -------> [(514, 121), (528, 121), (528, 149), (514, 149)]  (メシ)
[13] -------> [(514, 149), (528, 149), (528, 178), (514, 178)]  (炊け)
[14] -------> [(515, 179), (529, 179), (529, 191), (515, 191)]  (た)
[15] -------> [(515, 193), (529, 193), (529, 207), (515, 207)]  (ぞ)
[16] -------> [(515, 208), (529, 208), (529, 222), (515, 222)]  (ー)
[17] -------> [(162, 196), (174, 196), (175, 239), (163, 239)]  (まさか)
[18] -------> [(587, 410), (593, 410), (593, 435), (587, 435)]  (かいしん)
[19] -------> [(574, 410), (585, 410), (585, 436), (574, 436)]  (会心)
[20] -------> [(574, 437), (585, 437), (585, 447), (574, 447)]  (の)
[21] -------> [(574, 449), (585, 449), (585, 474), (574, 474)]  (出来)
[22] -------> [(574, 476), (585, 476), (585, 487), (574, 487)]  (だ)
[23] -------> [(574, 489), (585, 489), (585, 501), (574, 501)]  (し)
[24] -------> [(574, 502), (585, 502), (585, 512), (574, 512)]  (!)
[25] -------> [(438, 485), (444, 485), (444, 504), (438, 504)]  (なんぼ)
[26] -------> [(438, 505), (444, 505), (444, 511), (438, 511)]  (ん)
[27] -------> [(426, 446), (436, 446), (436, 483), (426, 483)]  (チキン)
[28] -------> [(426, 484), (436, 484), (436, 511), (426, 511)]  (南蛮)
[29] -------> [(406, 447), (418, 447), (418, 472), (406, 472)]  (今日)
[30] -------> [(406, 474), (418, 474), (418, 511), (406, 511)]  (初めて)
[31] -------> [(153, 256), (160, 256), (160, 279), (153, 279)]  (たいが)
[32] -------> [(138, 196), (152, 196), (152, 253), (138, 253)]  (そんなに)
[33] -------> [(138, 254), (152, 254), (152, 283), (138, 283)]  (大河)
[34] -------> [(138, 283), (152, 283), (152, 298), (138, 298)]  (が)
[35] -------> [(131, 196), (137, 196), (137, 209), (131, 209)]  (なか)
[36] -------> [(117, 196), (130, 196), (130, 208), (117, 208)]  (胸)
[37] -------> [(117, 211), (130, 211), (130, 224), (117, 224)]  (が)
[38] -------> [(117, 226), (130, 226), (130, 252), (117, 252)]  (ない)
[39] -------> [(117, 256), (130, 256), (130, 268), (117, 268)]  (の)
[40] -------> [(117, 269), (130, 269), (130, 281), (117, 281)]  (を)
[41] -------> [(94, 194), (107, 194), (107, 209), (94, 209)]  (気)
[42] -------> [(94, 210), (107, 210), (107, 222), (94, 222)]  (に)
[43] -------> [(94, 225), (107, 225), (107, 238), (94, 238)]  (し)
[44] -------> [(94, 240), (107, 240), (107, 253), (94, 253)]  (て)
[45] -------> [(94, 255), (107, 255), (107, 267), (94, 267)]  (た)
[46] -------> [(94, 269), (107, 269), (107, 313), (94, 313)]  (なんて)
[47] -------> [(366, 446), (378, 446), (378, 472), (366, 472)]  (成功)
[48] -------> [(366, 472), (378, 472), (378, 483), (366, 483)]  (し)
[49] -------> [(366, 486), (378, 486), (378, 497), (366, 497)]  (た)
[50] -------> [(366, 499), (378, 499), (378, 511), (366, 511)]  (と)
[51] -------> [(366, 512), (378, 512), (378, 536), (366, 536)]  (思う)
[52] -------> [(366, 537), (378, 537), (378, 550), (366, 550)]  (し)
[53] -------> [(112, 590), (123, 591), (121, 629), (110, 629)]  (なんと)
[54] -------> [(92, 598), (104, 598), (104, 617), (92, 617)]  (食後)
[55] -------> [(92, 618), (104, 618), (104, 628), (92, 628)]  (に)
[56] -------> [(92, 631), (104, 631), (104, 642), (92, 642)]  (は)
[57] -------> [(92, 643), (104, 643), (104, 681), (92, 681)]  (プリン)
[58] -------> [(92, 682), (104, 682), (104, 693), (92, 693)]  (も)
[59] -------> [(595, 811), (603, 811), (602, 841), (594, 841)]  (ほら)
[60] -------> [(584, 812), (589, 812), (589, 824), (584, 824)]  (たい)
[61] -------> [(568, 811), (582, 811), (582, 840), (568, 840)]  (大河)
[62] -------> [(547, 880), (554, 880), (553, 910), (546, 910)]  (なんばん)
[63] -------> [(534, 836), (546, 836), (546, 878), (534, 878)]  (チキン)
[64] -------> [(534, 880), (546, 880), (546, 909), (534, 909)]  (南蛮)
[65] -------> [(188, 838), (199, 838), (200, 882), (189, 882)]  (しかも)
[66] -------> [(188, 884), (199, 884), (199, 912), (188, 912)]  (これ)
[67] -------> [(188, 868), (188, 881), (182, 881), (182, 868)]  (うえ)
[68] -------> [(166, 839), (178, 839), (178, 867), (166, 867)]  (この)
[69] -------> [(166, 869), (178, 869), (178, 881), (166, 881)]  (上)
[70] -------> [(166, 884), (178, 884), (178, 911), (166, 911)]  (から)
[71] -------> [(147, 839), (161, 839), (160, 896), (146, 896)]  (タルタル)
[72] -------> [(128, 839), (140, 839), (140, 883), (128, 883)]  (かける)
[73] -------> [(128, 884), (140, 884), (140, 897), (128, 897)]  (ん)
[74] -------> [(128, 898), (140, 898), (140, 911), (128, 911)]  (だ)
[75] -------> [(128, 912), (140, 912), (140, 927), (128, 927)]  (ぜ)
[76] -------> [(128, 927), (140, 927), (140, 941), (128, 941)]  (?)
[77] -------> [(77, 590), (86, 590), (86, 617), (77, 617)]  (ある)
[78] -------> [(77, 617), (86, 617), (86, 630), (77, 630)]  (ぞ)
[79] -------> [(77, 629), (86, 629), (86, 641), (77, 641)]  (!)